        1.00246     0.00804953     -0.0511559      -0.144519      -0.191414      -0.177738      -0.131936     -0.0814898     -0.0395124    -0.00888399      0.0114984      0.0234744      0.0288045      -0.162991       0.327093
     0.00804953        1.01311      -0.232943      -0.592202      -0.761391      -0.697258      -0.513609      -0.315968      -0.153322     -0.0354998      0.0425221       0.088232       0.108576      -0.613484        1.23478
     -0.0511559      -0.232943        1.74533        2.42927        3.33041        3.14027        2.35055          1.458       0.706372       0.153777      -0.215856      -0.433693      -0.530646        3.00708       -6.01679
      -0.144519      -0.592202        2.42927        8.45036        10.0728        9.43991        7.04271        4.36114        2.11356       0.466059      -0.633752       -1.28115       -1.56929        8.88785       -17.8039
      -0.191414      -0.761391        3.33041        10.0728         14.573        12.7013        9.46828        5.86075        2.84055       0.628321      -0.847748       -1.71638       -2.10298        11.9088       -23.8621
      -0.177738      -0.697258        3.14027        9.43991        12.7013        12.8778         8.8512        5.47778        2.65503         0.5881      -0.790714       -1.60201       -1.96309        11.1159       -22.2762
      -0.131936      -0.513609        2.35055        7.04271        9.46828         8.8512        7.59454        4.08079        1.97796       0.438456      -0.588396       -1.19255       -1.46144        8.27509       -16.5844
     -0.0814898      -0.315968          1.458        4.36114        5.86075        5.47778        4.08079        3.52512        1.22393       0.271416      -0.363878      -0.737644      -0.903996        5.11859       -10.2587
     -0.0395124      -0.153322       0.706372        2.11356        2.84055        2.65503        1.97796        1.22393        1.59325       0.131546      -0.176393      -0.357566        -0.4382        2.48118       -4.97275
    -0.00888399     -0.0354998       0.153777       0.466059       0.628321         0.5881       0.438456       0.271416       0.131546        1.02909     -0.0392879     -0.0795236     -0.0974316        0.55175       -1.10552
      0.0114984      0.0425221      -0.215856      -0.633752      -0.847748      -0.790714      -0.588396      -0.363878      -0.176393     -0.0392879         1.0521       0.105832       0.129752      -0.734531        1.47275
      0.0234744       0.088232      -0.433693       -1.28115       -1.71638       -1.60201       -1.19255      -0.737644      -0.357566     -0.0795236       0.105832        1.21486       0.263378        -1.4911        2.98927
      0.0288045       0.108576      -0.530646       -1.56929       -2.10298       -1.96309       -1.46144      -0.903996        -0.4382     -0.0974316       0.129752       0.263378        1.32285       -1.82782        3.66423
      -0.162991      -0.613484        3.00708        8.88785        11.9088        11.1159        8.27509        5.11859        2.48118        0.55175      -0.734531        -1.4911       -1.82782        10.5077       -20.7451
       0.327093        1.23478       -6.01679       -17.8039       -23.8621       -22.2762       -16.5844       -10.2587       -4.97275       -1.10552        1.47275        2.98927        3.66423       -20.7451        41.5871
